r5 = [1:2:6, -1:-2:-7]
r5(3:6)
r5(1:2:7)