J = [1 2 3 4; 5 6 7 8; 9 10 11 12; 7 0 5 4]
J(:,3) % 3rd column
J(:,2:3) % columns 2 to 3
J(4,:) % 4th row